 125
  29
 207
  57
  95
  79
  92
 156
 120
 141
 166
 210
 200
 119
  92
  75
  95
  80
 224
 236
 188
 220
 239
 250
 144
  19
  75
  45
 211
 151
  21
   8
 129
 181
 169
  60
 219
 167
 194
  12
 155
 127
 124
 236
 196
  43
 223
  16
 112
  41
   4
  37
 111
 112
 176
 145
 119
 127
 211
  51
 187
  17
 127
 190
   5
  19
  38
 162
  80
 186
  96
  90
  19
  73
 200
 174
 186
  30
  46
  48
  76
 118
  10
 163
 206
  96
 111
 215
  39
 254
 104
 229
 240
 235
  43
 181
  26
 208
  24
 175
 150
  48
 211
 235
  51
  73
  28
 181
  26
 117
 250
  85
  90
  60
  95
 232
 164
 195
 252
 108
  92
 202
   0
  89
 218
 204
  19
  74
  82
 198
 199
 237
  75
  23
 137
  61
 240
 255
 129
 137
 236
 188
 168
 182
 253
 252
 199
 229
 242
   5
